-0.34943 0.010156 0.29155 0.18963 0.11587 0.10579 0.34167 0.17393 0.041727
-0.24615 -0.059346 0.1168 -0.076976 -0.07226 0.49651 -0.22357 -0.10921 -0.20621
-0.2312 0.35955 -0.34072 0.02554 0.40968 0.020663 -0.076039 -0.2953 0.03606
-0.38575 0.29276 0.25239 -0.56647 -0.058992 -0.30273 0.063634 0.19936 0.37198
-0.12022 0.035941 -0.35837 -0.049039 -0.10328 0.38485 0.34013 -0.42158 0.36713
-0.31846 -0.25781 0.035739 -0.26804 -0.46134 -0.17973 0.079773 -0.33195 -0.37161
-0.317 0.2075 -0.28522 0.27011 -0.2603 0.029652 -0.36062 0.43684 -0.18958
-0.16001 -0.25486 0.14338 0.047045 -0.22953 0.16119 -0.053009 -0.15809 0.0063937
-0.23881 0.22293 -0.047681 0.055141 0.003944 -0.050773 -0.42276 -0.22376 -0.0348
-0.031903 -0.53157 0.036986 0.24073 0.088125 -0.12753 -0.15857 0.030548 0.33342
-0.02269 -0.21816 -0.49917 -0.31864 -0.14426 0.29401 0.099143 0.48978 0.12494
-0.22324 -0.27491 0.24949 -0.20531 0.44302 0.31943 -0.33856 0.057258 0.12705
-0.3277 -0.14127 -0.10482 0.073929 0.41122 -0.074056 0.44022 0.13017 -0.47931
-0.39283 -0.0938 -0.071476 0.4694 -0.15806 -0.21784 0.079462 -0.016667 0.36378
-0.054636 -0.34847 -0.39851 -0.23805 0.21712 -0.42741 -0.20026 -0.12551 -0.031663
