0.76903 0.14651 0.94793 0.13393 0.98842 0.91213 0.45606 0.74631 0.54954
0.58145 0.18907 0.082071 0.03089 0.53998 0.10401 0.10167 0.010337 0.48523
0.92831 0.042652 0.10571 0.93914 0.70692 0.74555 0.99539 0.048447 0.89048
0.58009 0.6352 0.14204 0.30131 0.99949 0.73627 0.33209 0.66792 0.79896
0.016983 0.28187 0.16646 0.29553 0.28785 0.56186 0.29735 0.60347 0.73434
0.12086 0.5386 0.62096 0.33294 0.41452 0.18419 0.062045 0.5261 0.051332
0.86271 0.69516 0.57371 0.46707 0.46484 0.59721 0.29824 0.72971 0.072885
0.4843 0.49912 0.052078 0.6482 0.76396 0.29994 0.046351 0.70725 0.088527
0.84486 0.5358 0.9312 0.025228 0.8182 0.13412 0.50543 0.78138 0.79835
0.20941 0.44518 0.72866 0.84221 0.10022 0.2126 0.76143 0.28798 0.94301
0.55229 0.12393 0.73784 0.55903 0.17812 0.89494 0.63107 0.69253 0.68372
0.62988 0.49036 0.063405 0.8541 0.35963 0.071453 0.089892 0.55667 0.13208
0.031991 0.853 0.86044 0.34788 0.056705 0.24249 0.080862 0.39652 0.72272
0.61471 0.87393 0.93441 0.44603 0.52189 0.053754 0.77724 0.061591 0.11035
0.36241 0.27029 0.9844 0.054239 0.33585 0.44172 0.90513 0.78018 0.11749
0.049533 0.20846 0.85894 0.17711 0.17567 0.013283 0.53377 0.33758 0.64072
0.48957 0.56498 0.78556 0.66281 0.20895 0.89719 0.10915 0.60787 0.32881
0.19251 0.64031 0.51338 0.33083 0.90515 0.19666 0.82581 0.74125 0.65381
0.12308 0.41703 0.1776 0.89849 0.67539 0.093371 0.3381 0.10481 0.74913
0.20549 0.20598 0.39859 0.11816 0.46847 0.30737 0.29397 0.12789 0.58319
