0.10676 0.18292 0.65961 0.29198 0.30145 0.64476 0.90631 0.53086 0.51805
0.65376 0.23993 0.51859 0.43165 0.7011 0.37627 0.87965 0.65445 0.94362
0.49417 0.88651 0.97297 0.015487 0.66634 0.19092 0.81776 0.40762 0.63771
0.77905 0.028674 0.64899 0.98406 0.53913 0.42825 0.26073 0.81998 0.95769
0.71504 0.4899 0.80033 0.16717 0.69811 0.48202 0.59436 0.71836 0.24071
0.90372 0.16793 0.4538 0.10622 0.66653 0.12061 0.022513 0.96865 0.67612
0.89092 0.97868 0.43239 0.37241 0.17813 0.58951 0.42526 0.53133 0.28906
0.33416 0.71269 0.82531 0.19812 0.12801 0.22619 0.31272 0.32515 0.67181
0.69875 0.50047 0.08347 0.48969 0.99908 0.38462 0.16148 0.10563 0.69514
0.19781 0.47109 0.13317 0.33949 0.17112 0.58299 0.17877 0.61096 0.067993
0.030541 0.059619 0.17339 0.95163 0.032601 0.25181 0.42289 0.7788 0.25479
0.74407 0.68197 0.39094 0.92033 0.5612 0.29044 0.094229 0.42345 0.22404
0.50002 0.042431 0.83138 0.052677 0.88187 0.61709 0.59852 0.090823 0.66783
0.47992 0.071445 0.80336 0.73786 0.66918 0.26528 0.47092 0.26647 0.84439
0.90472 0.52165 0.060471 0.26912 0.19043 0.82438 0.69595 0.15366 0.34446
0.60987 0.09673 0.39926 0.42284 0.36892 0.98266 0.69989 0.28101 0.78052
0.61767 0.81815 0.52688 0.54787 0.46073 0.73025 0.63853 0.44009 0.67533
0.85944 0.81755 0.4168 0.94274 0.98164 0.34388 0.033604 0.52714 0.0067153
0.80549 0.72244 0.65686 0.41774 0.1564 0.58407 0.068806 0.45742 0.60217
0.57672 0.14987 0.62797 0.98305 0.85552 0.10777 0.3196 0.87537 0.38677
