4 27.386513
7 28.176868
10 26.987913
16 29.648676
28 29.998245
48 27.362377
63 22.324865
105 32.422428
106 21.851206
107 18.877285
112 18.649332
117 23.816786
132 19.326181
174 14.795357
177 34.621597
179 29.142834
180 18.753611
185 14.088202
188 12.983333
202 19.748289
208 19.701069
214 15.364557
219 11.418116
232 11.689079
235 15.219301
237 17.614082
243 30.375662
257 16.538946
275 22.456503
284 24.693104
297 12.749391
300 14.277689
312 12.647179
317 11.516024
318 11.062955
321 14.646801
374 10.081096
390 9.554861
408 11.040735
419 12.334236
420 8.830386
429 9.291582
459 9.093052
466 11.258777
469 12.575199
482 12.143321
493 9.666833
501 8.710466
502 8.927210
510 8.528878
531 8.436030
544 10.569315
557 10.799031
559 10.053012
569 9.412985
570 9.244720
581 10.967672
592 8.967316
602 9.790213
647 8.525346
691 8.635763
699 8.123552
701 8.057341
702 8.015328
709 8.494704
727 9.331064
733 9.341292
734 9.238217
760 9.288245
771 8.014182
781 8.554648
782 8.422429
793 7.915173
794 8.035271
796 8.072031
797 8.056273
808 8.016519
810 8.008390
814 8.575141
816 7.979845
822 7.994752
831 7.986606
833 8.402887
838 8.779823
844 7.894983
845 8.093958
854 7.955769
879 7.854970
884 7.921206
886 7.832327
888 7.806422
894 7.986906
911 7.901970
927 8.253043
944 7.844106
956 7.952811
971 7.934503
977 7.912472
988 8.213778
1023 7.820645
1028 7.800671
1034 7.795575
1057 7.915703
1069 7.879744
1070 7.836274
1085 7.902505
1130 7.923309
1136 7.796285
1137 7.790074
1161 7.811377
1166 8.103713
1177 7.872716
1195 7.782967
1209 7.781797
1222 7.893860
1242 7.856523
1254 7.789165
1255 7.794384
1294 7.776021
1311 7.792826
1315 7.828583
1324 7.856753
1328 7.771812
1329 7.766187
1349 7.772822
1351 7.807734
1352 7.820396
1362 7.777030
1363 7.771660
